Year,"Charges for the use of intellectual property, payments (BoP, current US$)","Charges for the use of intellectual property, receipts (BoP, current US$)"
1978,229999.9998,
1979,712569.946,
1980,770382.652,
1981,1709247.94,
1982,1381449.74,
1983,1884929.54,
1984,203351.5729,
1985,583306.2247,
1986,568919.9056,
1987,4764165.616,
1988,6070022.994,87971.34773
1989,6748828.249,
1990,9314654.638,38650.01924
1991,9995237.776,108643.8889
1992,11921399.41,210377.6366
1993,11474591.56,312142.1857
1994,13428811.08,292891.8802
1995,15574490.26,302722.4341
1996,14591045.66,227941.4772
1997,39269640.91,238717.2636
1998,39254313.54,235154.3374
1999,39902059.38,212783.9216
2000,35064844.3,201734.0967
2001,42800355.47,162617.0976
2002,54075391.24,142304.9095
2003,71181077.94,37674.74555
2004,75601431.49,39939.98166
2005,105433147.2,3144.986224
2006,106405636.6,2658.180507
2007,120988053.8,13143.39285
2008,119690735.9,36382129.85
2009,116340361.5,34681.05978
2010,16308752.91,259519.5187
2011,2678419.115,2682.39956
2012,2362605.013,6559.045621
2013,2006990.404,6935.279432
2014,1811254.776,27508.03887
2015,1424807.333,21709.8283
2016,1097572.648,16176.17506
2017,3173476.842,36212.02119
2018,5333009.918,675156.7198
2019,7837969.986,212495.1776
2020,32785514.01,57209.62641
2021,18885076.63,76382.97182
2022,17039370.06,66854.966
2023,53547596.01,1059686.714
